0	1
1	2
2	3
3	7
4	9
5	14
6	18
7	19
8	20
9	21
10	22
11	26
12	33
13	34
14	35
15	36
16	37
17	38
18	39
19	40
20	41
21	43
22	44
23	45
24	48
25	49
26	58
27	59
28	60
29	63
30	77
31	78
32	79
33	81
34	82
35	84
36	85
37	87
38	90
39	94
40	96
41	98
42	99
43	102
44	103
45	104
46	110
47	111
48	112
49	114
50	117
51	121
52	123
53	137
54	138
55	139
56	143
57	144
58	145
59	146
60	147
61	148
62	149
63	150
64	151
65	152
66	153
67	154
68	155
69	156
70	157
71	158
72	159
73	162
74	163
75	164
76	165
77	166
78	167
79	168
80	169
81	170
82	171
83	172
84	175
85	176
86	179
87	192
88	193
89	194
90	195
91	196
92	198
93	204
94	205
95	206
96	208
97	211
98	212
99	220
100	222
101	226
102	228
103	229
104	257
105	262
106	263
107	266
108	268
109	272
110	280
111	281
112	282
113	286
114	289
115	303
116	304
117	306
118	307
119	308
120	310
121	312
122	316
123	317
124	319
125	320
126	328
127	330
128	331
129	332
130	333
131	335
132	336
133	337
134	338
135	339
136	342
137	344
138	345
139	360
140	361
141	365
142	370
143	372
144	378
145	380
146	381
147	382
148	383
149	385
150	386
151	408
152	416
153	430
154	439
155	441
156	444
157	450
158	451
159	453
160	456
161	458
162	466
163	482
164	483
165	485
166	486
167	512
168	530
169	531
170	535
171	538
172	541
173	547
174	558
175	559
176	560
177	570
178	571
179	579
180	580
181	581
182	582
183	600
184	601
185	602
186	603
187	604
188	605
189	606
190	608
191	609
192	610
193	627
194	631
195	641
196	642
197	648
198	657
199	658
200	665
201	666
202	669
203	672
204	677
205	680
206	682
207	683
208	684
209	686
210	687
211	688
212	689
213	696
214	698
215	701
216	705
217	713
218	726
219	738
220	740
221	742
222	743
223	744
224	745
225	747
226	748
227	751
228	753
229	760
230	762
231	763
232	765
233	766
234	769
235	772
236	776
237	781
238	783
239	784
240	786
241	787
242	788
243	789
244	790
245	792
246	793
247	800
248	801
249	802
250	803
251	804
252	805
253	806
254	812
255	813
256	818
257	819
258	821
259	825
260	826
261	827
262	828
263	829
264	830
265	831
266	842
267	844
268	845
269	846
270	856
271	860
272	862
273	864
274	868
275	869
276	884
277	889
278	893
279	911
280	914
281	920
282	921
283	925
284	927
285	928
286	934
287	940
288	941
289	942
290	943
291	944
292	945
293	946
294	947
295	948
296	965
297	977
298	981
299	983
300	984
301	985
302	987
303	988
304	989
305	994
306	1001
307	1003
308	1005
309	1006
310	1007
311	1013
312	1019
313	1020
314	1021
315	1023
316	1038
317	1045
318	1047
319	1049
320	1054
321	1055
322	1069
323	1070
324	1082
325	1084
326	1089
327	1090
328	1091
329	1092
330	1093
331	1094
332	1095
333	1096
334	1097
335	1098
336	1100
337	1101
338	1103
339	1106
340	1107
341	1109
342	1110
343	1123
344	1140
345	1144
346	1145
347	1146
348	1147
349	1148
350	1149
351	1166
352	1174
353	1180
354	1181
355	1182
356	1187
357	1190
358	1191
359	1192
360	1193
361	1194
362	1195
363	1196
364	1197
365	1198
366	1203
367	1222
368	1223
369	1224
370	1225
371	1226
372	1250
373	1262
374	1263
375	1264
376	1266
377	1272
378	1273
379	1276
380	1280
381	1282
382	1283
383	1287
384	1290
385	1291
386	1292
387	1293
388	1294
389	1295
390	1296
391	1297
392	1299
393	1300
394	1301
395	1305
396	1308
397	1311
398	1312
399	1313
400	1314
401	1316
402	1317
403	1318
404	1319
405	1328
406	1329
407	1340
408	1343
409	1344
410	1345
411	1348
412	1349
413	1351
414	1352
415	1362
416	1363
417	1365
418	1367
419	1369
420	1371
421	1382
422	1385
423	1387
424	1388
425	1389
426	1390
427	1391
428	1392
429	1393
430	1394
431	1395
432	1396
433	1405
434	1406
435	1410
436	1411
437	1412
438	1413
439	1414
440	1415
441	1416
442	1417
443	1418
444	1419
445	1421
446	1422
447	1423
448	1425
449	1426
450	1428
451	1429
452	1430
453	1433
454	1434
455	1435
456	1443
457	1451
458	1452
459	1454
460	1466
461	1474
462	1475
463	1476
464	1477
465	1478
466	1479
467	1481
468	1482
469	1484
470	1496
471	1501
472	1504
473	1505
474	1506
475	1508
476	1520
477	1521
478	1522
479	1523
480	1524
481	1525
482	1527
483	1539
484	1550
485	1561
486	1563
487	1568
488	1572
489	1573
490	1574
491	1576
492	1577
493	1578
494	1580
495	1581
496	1582
497	1584
498	1588
499	1590
500	1595
501	1620
502	1621
503	1625
504	1626
505	1627
506	1628
507	1629
508	1640
509	1643
510	1645
511	1652
512	1658
513	1661
514	1666
515	1668
516	1670
517	1671
518	1682
519	1686
520	1688
521	1689
522	1690
523	1693
524	1698
525	1701
526	1707
527	1709
528	1710
529	1713
530	1720
531	1721
532	1723
533	1724
534	1726
535	1728
536	1729
537	1732
538	1734
539	1736
540	1737
541	1738
542	1741
543	1742
544	1743
545	1750
546	1760
547	1762
548	1763
549	1764
550	1765
551	1767
552	1769
553	1773
554	1775
555	1786
556	1787
557	1791
558	1822
559	1823
560	1840
561	1844
562	1845
563	1846
564	1849
565	1850
566	1851
567	1856
568	1858
569	1863
570	1866
571	1867
572	1869
573	1876
574	1888
575	1890
576	1895
577	1898
578	1902
579	1908
580	1910
581	1911
582	1913
583	1915
584	1916
585	1920
586	1926
587	1930
588	1931
589	1932
590	1933
591	1934
592	1936
593	1937
594	1938
595	1939
596	1940
597	1944
598	1945
599	1946
600	1948
601	1949
602	1953
603	1954
604	1958
605	1959
606	1964
607	1969
608	1970
609	1971
610	1972
611	1973
612	1975
613	1978
614	1979
615	1985
616	1991
617	1996
618	2002
619	2003
620	2004
621	2005
622	2006
623	2007
624	2008
625	2009
626	2013
627	2016
628	2018
629	2024
630	2025
631	2034
632	2041
633	2045
634	2052
635	2053
636	2054
637	2055
638	2056
639	2061
640	2062
641	2064
642	2065
643	2066
644	2068
645	2069
646	2070
647	2071
648	2074
649	2085
650	2089
651	2090
652	2091
653	2092
654	2093
655	2094
656	2098
657	2099
658	2101
659	2111
660	2120
661	2131
662	2140
663	2142
664	2145
665	2146
666	2147
667	2148
668	2150
669	2151
670	2152
671	2154
672	2156
673	2157
674	2159
675	2167
676	2171
677	2177
678	2178
679	2180
680	2190
681	2192
682	2193
683	2197
684	2201
685	2205
686	2206
687	2207
688	2210
689	2220
690	2226
691	2243
692	2244
693	2246
694	2251
695	2252
696	2253
697	2265
698	2269
699	2289
700	2292
701	2295
702	2297
703	2298
704	2303
705	2308
706	2310
707	2312
708	2313
709	2315
710	2316
711	2319
712	2320
713	2324
714	2326
715	2329
716	2332
717	2333
718	2334
719	2335
720	2336
721	2337
722	2338
723	2339
724	2341
725	2342
726	2343
727	2344
728	2346
729	2347
730	2349
731	2357
732	2358
733	2360
734	2363
735	2366
736	2367
737	2369
738	2376
739	2377
740	2378
741	2379
742	2384
743	2390
744	2392
745	2404
746	2405
747	2409
748	2417
749	2423
750	2424
751	2431
752	2432
753	2433
754	2434
755	2435
756	2436
757	2437
758	2438
759	2439
760	2446
761	2454
762	2458
763	2459
764	2474
765	2482
766	2486
767	2488
768	2489
769	2490
770	2494
771	2504
772	2506
773	2522
774	2525
775	2527
776	2529
777	2540
778	2551
779	2552
780	2557
781	2561
782	2570
783	2571
784	2573
785	2574
786	2575
787	2577
788	2578
789	2579
790	2583
791	2598
792	2599
793	2600
794	2601
795	2602
796	2604
797	2605
798	2606
799	2609
800	2617
801	2620
802	2621
803	2624
804	2627
805	2632
806	2638
807	2639
808	2640
809	2641
810	2642
811	2643
812	2644
813	2645
814	2646
815	2647
816	2648
817	2649
818	2650
819	2651
820	2654
821	2655
822	2659
823	2670
824	2674
825	2675
826	2676
827	2678
828	2679
829	2681
830	2683
831	2695
832	2697
833	2700
834	2701
835	2702
836	2703
837	2704
838	2708
839	2713
840	2714
841	2719
842	2720
843	2721
844	2725
845	2729
846	2732
847	2740
848	2741
849	2742
850	2743
851	2744
852	2745
853	2747
854	2748
855	2749
856	2754
857	2759
858	2762
859	2763
860	2765
861	2767
862	2773
863	2775
864	2781
865	2782
866	2784
867	2785
868	2787
869	2793
870	2800
871	2801
872	2803
873	2806
874	2807
875	2808
876	2809
877	2810
878	2811
879	2814
880	2815
881	2818
882	2819
883	2830
884	2831
885	2832
886	2835
887	2836
888	2837
889	2838
890	2839
891	2848
892	2849
893	2852
894	2855
895	2857
896	2861
897	2867
898	2871
899	2873
900	2877
901	2883
902	2896
903	2897
904	2899
905	2904
906	2906
907	2913
908	2914
909	2918
910	2919
911	2921
912	2922
913	2923
914	2934
915	2938
916	2950
917	2951
918	2952
919	2953
920	2954
921	2957
922	2958
923	2963
924	2965
925	2975
926	2977
927	2979
928	2994
929	2995
930	2996
931	2999
932	3005
933	3006
934	3008
935	3011
936	3012
937	3013
938	3026
939	3031
940	3035
941	3042
942	3048
943	3051
944	3053
945	3054
946	3056
947	3057
948	3065
949	3070
950	3071
951	3075
952	3080
953	3081
954	3082
955	3083
956	3085
957	3087
958	3088
959	3089
960	3090
961	3091
962	3092
963	3095
964	3096
965	3097
966	3098
967	3099
968	3105
969	3106
970	3109
971	3110
972	3111
973	3112
974	3113
975	3116
976	3129
977	3136
978	3137
979	3146
980	3147
981	3148
982	3149
983	3151
984	3153
985	3155
986	3159
987	3168
988	3169
989	3170
990	3171
991	3172
992	3176
993	3190
994	3191
995	3192
996	3196
997	3198
998	3199
999	3201
1000	3205
1001	3208
1002	3213
1003	3217
1004	3218
1005	3222
1006	3225
1007	3227
1008	3228
1009	3241
1010	3243
1011	3251
1012	3257
1013	3263
1014	3271
1015	3276
1016	3277
1017	3278
1018	3279
1019	3281
1020	3282
1021	3283
1022	3284
1023	3285
1024	3287
1025	3288
1026	3295
1027	3298
1028	3302
1029	3309
1030	3312
1031	3315
1032	3316
1033	3319
1034	3320
1035	3321
1036	3325
1037	3333
1038	3334
1039	3336
1040	3337
1041	3339
1042	3340
1043	3341
1044	3345
1045	3348
1046	3356
1047	3357
1048	3363
1049	3377
1050	3378
1051	3379
1052	3381
1053	3385
1054	3386
1055	3387
1056	3399
1057	3408
1058	3411
1059	3416
1060	3418
1061	3420
1062	3432
1063	3435
1064	3436
1065	3437
1066	3438
1067	3439
1068	3440
1069	3442
1070	3443
1071	3444
1072	3451
1073	3456
1074	3461
1075	3472
1076	3476
1077	3477
1078	3478
1079	3479
1080	3482
1081	3483
1082	3484
1083	3497
1084	3499
1085	3501
1086	3502
1087	3506
1088	3507
1089	3508
1090	3509
1091	3510
1092	3511
1093	3512
1094	3531
1095	3532
1096	3535
1097	3536
1098	3537
1099	3538
1100	3540
1101	3546
1102	3560
1103	3562
1104	3563
1105	3570
1106	3574
1107	3576
1108	3580
1109	3581
1110	3583
1111	3584
1112	3585
1113	3590
1114	3592
1115	3594
1116	3595
1117	3597
1118	3598
1119	3599
1120	3600
1121	3604
1122	3605
1123	3606
1124	3615
1125	3617
1126	3620
1127	3621
1128	3622
1129	3623
1130	3624
1131	3625
1132	3626
1133	3627
1134	3633
1135	3634
1136	3635
1137	3636
1138	3637
1139	3640
1140	3651
1141	3652
1142	3654
1143	3655
1144	3659
1145	3660
1146	3661
1147	3662
1148	3674
1149	3675
1150	3676
1151	3677
1152	3679
1153	3681
1154	3683
1155	3684
1156	3687
1157	3689
1158	3690
1159	3699
1160	3701
1161	3703
1162	3704
1163	3705
1164	3707
1165	3711
1166	3716
1167	3719
1168	3722
1169	3723
1170	3724
1171	3726
1172	3727
1173	3728
1174	3729
1175	3731
1176	3732
1177	3736
1178	3740
1179	3742
1180	3744
1181	3749
1182	3760
1183	3761
1184	3765
1185	3771
1186	3772
1187	3773
1188	3774
1189	3775
1190	3776
1191	3777
1192	3781
1193	3783
1194	3788
1195	3794
1196	3796
1197	3797
1198	3800
1199	3802
1200	3803
1201	3804
1202	3805
1203	3812
1204	3814
1205	3820
1206	3821
1207	3824
1208	3825
1209	3827
1210	3828
1211	3829
1212	3833
1213	3839
1214	3841
1215	3842
1216	3844
1217	3846
1218	3847
1219	3848
1220	3850
1221	3852
1222	3853
1223	3857
1224	3862
1225	3864
1226	3865
1227	3866
1228	3868
1229	3870
1230	3871
1231	3874
1232	3875
1233	3876
1234	3878
1235	3879
1236	3881
1237	3882
1238	3883
1239	3884
1240	3896
1241	3898
1242	3901
1243	3904
1244	3907
1245	3918
1246	3921
1247	3922
1248	3924
1249	3925
1250	3928
1251	3929
1252	3947
1253	3949
1254	3953
1255	3955
1256	3966
1257	3970
1258	3984
1259	3990
1260	3991
1261	3993
1262	3994
1263	3995
1264	3999
1265	4003
1266	4013
1267	4015
1268	4016
1269	4023
1270	4029
1271	4030
1272	4032
1273	4034
1274	4035
1275	4037
1276	4038
1277	4039
1278	4040
1279	4042
1280	4043
1281	4045
1282	4046
1283	4048
1284	4049
1285	4055
1286	4058
1287	4070
1288	4071
1289	4072
1290	4076
1291	4078
1292	4081
1293	4103
1294	4105
1295	4106
1296	4107
1297	4108
1298	4109
1299	4110
1300	4112
1301	4114
1302	4117
1303	4119
1304	4120
1305	4122
1306	4124
1307	4125
1308	4126
1309	4127
1310	4130
1311	4133
1312	4134
1313	4138
1314	4143
1315	4147
1316	4148
1317	4149
1318	4150
1319	4151
1320	4152
1321	4154
1322	4155
1323	4157
1324	4173
1325	4190
1326	4191
1327	4192
1328	4198
1329	4202
1330	4203
1331	4204
1332	4205
1333	4206
1334	4207
1335	4208
1336	4211
1337	4212
1338	4214
1339	4217
1340	4219
1341	4224
1342	4226
1343	4227
1344	4228
1345	4229
1346	4230
1347	4233
1348	4236
1349	4238
1350	4247
1351	4248
1352	4249
1353	4251
1354	4252
1355	4253
1356	4254
1357	4258
1358	4268
1359	4269
1360	4277
1361	4278
1362	4290
1363	4292
1364	4293
1365	4294
1366	4301
1367	4302
1368	4304
1369	4305
1370	4306
1371	4307
1372	4308
1373	4309
1374	4310
1375	4311
1376	4313
1377	4314
1378	4317
1379	4318
1380	4319
1381	4326
1382	4330
1383	4331
1384	4333
1385	4340
1386	4341
1387	4342
1388	4343
1389	4344
1390	4345
1391	4351
1392	4353
1393	4355
1394	4356
1395	4358
1396	4360
1397	4362
1398	4363
1399	4375
1400	4389
1401	4390
1402	4391
1403	4392
1404	4393
1405	4394
1406	4395
1407	4396
1408	4397
1409	4398
1410	4399
1411	4400
1412	4401
1413	4402
1414	4403
1415	4404
1416	4405
1417	4406
1418	4407
1419	4408
1420	4409
1421	4410
1422	4418
1423	4422
1424	4424
1425	4425
1426	4426
1427	4427
1428	4429
1429	4432
1430	4434
1431	4437
1432	4441
1433	4446
1434	4448
1435	4449
1436	4451
1437	4453
1438	4454
1439	4456
1440	4460
1441	4462
1442	4465
1443	4466
1444	4467
1445	4473
1446	4476
1447	4487
1448	4488
1449	4489
1450	4490
1451	4491
1452	4492
1453	4493
1454	4494
1455	4495
1456	4496
1457	4497
1458	4508
1459	4511
1460	4512
1461	4518
1462	4519
1463	4520
1464	4532
1465	4535
1466	4536
1467	4539
1468	4541
1469	4543
1470	4545
1471	4547
1472	4554
1473	4555
1474	4556
1475	4557
1476	4559
1477	4561
1478	4562
1479	4563
1480	4564
1481	4565
1482	4573
1483	4578
1484	4580
1485	4581
1486	4584
1487	4585
1488	4586
1489	4587
1490	4596
1491	4598
1492	4599
1493	4602
1494	4610
1495	4611
1496	4612
1497	4614
1498	4615
1499	4616
1500	4617
1501	4618
1502	4619
1503	4627
1504	4629
1505	4631
1506	4632
1507	4638
1508	4641
1509	4646
1510	4654
1511	4656
1512	4659
1513	4662
1514	4663
1515	4675
1516	4677
1517	4678
1518	4683
1519	4686
1520	4697
1521	4698
1522	4699
1523	4701
1524	4702
1525	4704
1526	4705
1527	4707
1528	4709
1529	4710
1530	4715
1531	4716
1532	4717
1533	4718
1534	4722
1535	4723
1536	4728
1537	4730
1538	4731
1539	4732
1540	4735
1541	4736
1542	4737
1543	4738
1544	4739
1545	4740
1546	4741
1547	4742
1548	4743
1549	4747
1550	4752
1551	4753
1552	4754
1553	4755
1554	4756
1555	4758
1556	4759
1557	4760
1558	4761
1559	4762
1560	4764
1561	4768
1562	4769
1563	4774
1564	4775
1565	4776
1566	4777
1567	4778
1568	4785
1569	4787
1570	4788
1571	4789
1572	4796
1573	4797
1574	4798
1575	4799
1576	4800
1577	4803
1578	4820
1579	4822
1580	4823
1581	4824
1582	4827
1583	4828
1584	4833
1585	4836
1586	4840
1587	4841
1588	4843
1589	4844
1590	4848
1591	4849
1592	4851
1593	4852
1594	4853
1595	4854
1596	4855
1597	4857
1598	4859
1599	4860
1600	4862
1601	4864
1602	4866
1603	4868
1604	4869
1605	4875
1606	4877
1607	4878
1608	4881
1609	4883
1610	4884
1611	4887
1612	4891
1613	4895
1614	4899
1615	4904
1616	4906
1617	4920
1618	4924
1619	4925
1620	4927
1621	4937
1622	4939
1623	4963
1624	4967
1625	4970
1626	4974
1627	4986
1628	4989
1629	4991
1630	4992
1631	5007
1632	5017
1633	5018
1634	5020
1635	5021
1636	5022
1637	5023
1638	5024
1639	5025
1640	5026
1641	5027
1642	5029
1643	5030
1644	5040
1645	5041
1646	5042
1647	5045
1648	5046
1649	5047
1650	5051
1651	5060
1652	5061
1653	5063
1654	5064
1655	5065
1656	5066
1657	5067
1658	5068
1659	5069
1660	5072
1661	5073
1662	5077
1663	5081
1664	5084
1665	5085
1666	5086
1667	5087
1668	5091
1669	5095
1670	5098
1671	5104
1672	5109
1673	5115
1674	5116
1675	5127
1676	5128
1677	5129
1678	5130
1679	5131
1680	5132
1681	5133
1682	5138
1683	5140
1684	5141
1685	5142
1686	5150
1687	5154
1688	5157
1689	5160
1690	5162
1691	5163
1692	5164
1693	5165
1694	5166
1695	5167
1696	5168
1697	5169
1698	5170
1699	5171
1700	5177
1701	5179
1702	5180
1703	5182
1704	5198
1705	5203
1706	5205
1707	5218
1708	5223
1709	5224
1710	5227
1711	5229
1712	5230
1713	5231
1714	5232
1715	5233
1716	5234
1717	5235
1718	5248
1719	5250
1720	5255
1721	5258
1722	5259
1723	5261
1724	5269
1725	5280
1726	5282
1727	5300
1728	5304
1729	5305
1730	5308
1731	5310
1732	5311
1733	5312
1734	5320
1735	5325
1736	5327
1737	5328
1738	5330
1739	5331
1740	5332
1741	5333
1742	5334
1743	5343
1744	5350
1745	5356
1746	5358
1747	5361
1748	5362
1749	5363
1750	5364
1751	5366
1752	5367
1753	5368
1754	5370
1755	5372
1756	5375
1757	5377
1758	5378
1759	5380
1760	5383
1761	5385
1762	5400
1763	5410
1764	5412
1765	5413
1766	5416
1767	5417
1768	5419
1769	5420
1770	5422
1771	5423
1772	5424
1773	5434
1774	5435
1775	5436
1776	5437
1777	5438
1778	5439
1779	5442
1780	5443
1781	5444
1782	5445
1783	5447
1784	5448
1785	5456
1786	5457
1787	5458
1788	5462
1789	5465
1790	5466
1791	5469
1792	5470
1793	5474
1794	5478
1795	5479
1796	5481
1797	5482
1798	5483
1799	5485
1800	5489
1801	5510
1802	5511
1803	5512
1804	5519
1805	5528
1806	5535
1807	5537
1808	5539
1809	5541
1810	5542
1811	5545
1812	5546
1813	5556
1814	5557
1815	5561
1816	5569
1817	5572
1818	5578
1819	5579
1820	5580
1821	5583
1822	5585
1823	5588
1824	5589
1825	5600
1826	5616
1827	5619
1828	5620
1829	5625
1830	5632
1831	5633
1832	5634
1833	5635
1834	5636
1835	5638
1836	5639
1837	5640
1838	5641
1839	5642
1840	5652
1841	5656
1842	5657
1843	5658
1844	5663
1845	5664
1846	5679
1847	5680
1848	5682
1849	5683
1850	5684
1851	5686
1852	5696
1853	5700
1854	5711
1855	5714
1856	5726
1857	5729
1858	5731
1859	5732
1860	5733
1861	5734
1862	5735
1863	5736
1864	5738
1865	5739
1866	5740
1867	5741
1868	5748
1869	5757
1870	5759
1871	5769
1872	5776
1873	5781
1874	5782
1875	5784
1876	5785
1877	5790
1878	5791
1879	5792
1880	5795
1881	5796
1882	5798
1883	5801
1884	5803
1885	5806
1886	5841
1887	5842
1888	5843
1889	5844
1890	5847
1891	5848
1892	5850
1893	5851
1894	5863
1895	5864
1896	5871
1897	5880
1898	5881
1899	5884
1900	5885
1901	5891
1902	5892
1903	5894
1904	5895
1905	5899
1906	5900
1907	5907
1908	5908
1909	5910
1910	5913
1911	5915
1912	5917
1913	5918
1914	5923
1915	5925
1916	5928
1917	5940
1918	5942
1919	5943
1920	5945
1921	5946
1922	5947
1923	5948
1924	5949
1925	5950
1926	5960
1927	5961
1928	5966
1929	5970
1930	5985
1931	5986
1932	5987
1933	5989
1934	5990
1935	5992
1936	5993
1937	6006
1938	6009
1939	6017
1940	6018
1941	6019
1942	6021
1943	6022
1944	6026
1945	6046
1946	6048
1947	6054
1948	6055
1949	6059
1950	6060
1951	6061
1952	6065
1953	6069
1954	6077
1955	6078
1956	6083
1957	6086
1958	6087
1959	6089
1960	6091
1961	6092
1962	6093
1963	6094
1964	6095
1965	6099
1966	6110
1967	6111
1968	6113
1969	6117
1970	6118
1971	6120
1972	6121
1973	6122
1974	6123
1975	6125
1976	6126
1977	6132
1978	6134
1979	6140
1980	6141
1981	6143
1982	6145
1983	6148
1984	6151
1985	6153
1986	6154
1987	6155
1988	6160
1989	6161
1990	6164
1991	6165
1992	6167
1993	6168
1994	6181
1995	6182
1996	6189
1997	6201
1998	6204
1999	6205
2000	6206
2001	6207
2002	6208
2003	6209
2004	6210
2005	6211
2006	6212
2007	6213
2008	6214
2009	6220
2010	6228
2011	6231
2012	6242
2013	6246
2014	6247
2015	6252
2016	6257
2017	6258
2018	6259
2019	6260
2020	6261
2021	6263
2022	6266
2023	6267
2024	6268
2025	6270
2026	6272
2027	6278
2028	6283
2029	6286
2030	6292
2031	6293
2032	6294
2033	6295
2034	6296
2035	6300
2036	6309
2037	6311
2038	6313
2039	6318
2040	6319
2041	6320
2042	6322
2043	6324
2044	6328
2045	6334
2046	6343
2047	6344
2048	6347
2049	6348
2050	6350
2051	6351
2052	6352
2053	6353
2054	6354
2055	6355
2056	6356
2057	6357
2058	6359
2059	6362
2060	6364
2061	6366
2062	6371
2063	6378
2064	6391
2065	6398
2066	6400
2067	6403
2068	6404
2069	6411
2070	6412
2071	6413
2072	6414
2073	6415
2074	6416
2075	6418
2076	6419
2077	6420
2078	6422
2079	6423
2080	6433
2081	6450
2082	6452
2083	6455
2084	6456
2085	6459
2086	6460
2087	6461
2088	6463
2089	6465
2090	6466
2091	6467
2092	6469
2093	6470
2094	6472
2095	6490
2096	6491
2097	6492
2098	6493
2099	6495
2100	6496
2101	6497
2102	6498
2103	6499
2104	6500
2105	6507
2106	6508
2107	6509
2108	6512
2109	6513
2110	6517
2111	6518
2112	6519
2113	6520
2114	6521
2115	6522
2116	6524
2117	6528
2118	6529
2119	6532
2120	6535
2121	6536
2122	6537
2123	6549
2124	6556
2125	6557
2126	6559
2127	6567
2128	6580
2129	6593
2130	6594
2131	6596
2132	6597
2133	6599
2134	6603
2135	6612
2136	6614
2137	6616
2138	6617
2139	6618
2140	6619
2141	6620
2142	6621
2143	6623
2144	6627
2145	6643
2146	6644
2147	6646
2148	6647
2149	6648
2150	6655
2151	6656
2152	6657
2153	6662
2154	6663
2155	6665
2156	6675
2157	6678
2158	6681
2159	6683
2160	6686
2161	6691
2162	6695
2163	6697
2164	6699
2165	6700
2166	6701
2167	6702
2168	6703
2169	6704
2170	6705
2171	6706
2172	6707
2173	6708
2174	6709
2175	6710
2176	6712
2177	6714
2178	6715
2179	6716
2180	6717
2181	6719
2182	6721
2183	6722
2184	6723
2185	6724
2186	6725
2187	6726
2188	6727
2189	6728
2190	6730
2191	6731
2192	6732
2193	6747
2194	6750
2195	6751
2196	6763
2197	6766
2198	6768
2199	6770
2200	6771
2201	6772
2202	6773
2203	6774
2204	6775
2205	6780
2206	6792
2207	6795
2208	6797
2209	6800
2210	6803
2211	6805
2212	6806
2213	6807
2214	6809
2215	6812
2216	6820
2217	6821
2218	6826
2219	6828
2220	6829
2221	6842
2222	6844
2223	6845
2224	6847
2225	6848
2226	6855
2227	6864
2228	6865
2229	6866
2230	6868
2231	6869
2232	6870
2233	6871
2234	6872
2235	6873
2236	6874
2237	6879
2238	6880
2239	6883
2240	6885
2241	6886
2242	6887
2243	6888
2244	6893
2245	6894
2246	6897
2247	6903
2248	6904
2249	6905
2250	6921
2251	6924
2252	6925
2253	6926
2254	6928
2255	6940
2256	6943
2257	6944
2258	6945
2259	6948
2260	6950
2261	6951
2262	6962
2263	6963
2264	6966
2265	6967
2266	6968
2267	6969
2268	6970
2269	6971
2270	6972
2271	6980
2272	6983
2273	6985
2274	6990
2275	6992
2276	6994
2277	7003
2278	7005
2279	7010
2280	7011
2281	7012
2282	7013
2283	7017
2284	7018
2285	7019
2286	7020
2287	7023
2288	7024
2289	7025
2290	7026
2291	7027
2292	7028
2293	7032
2294	7033
2295	7035
2296	7036
2297	7039
2298	7040
2299	7045
2300	7048
2301	7058
2302	7060
2303	7063
2304	7064
2305	7065
2306	7066
2307	7067
2308	7068
2309	7069
2310	7073
2311	7082
2312	7087
2313	7088
2314	7089
2315	7100
2316	7101
2317	7103
2318	7114
2319	7117
2320	7118
2321	7119
2322	7120
2323	7122
2324	7124
2325	7125
2326	7126
2327	7127
2328	7132
2329	7136
2330	7141
2331	7142
2332	7146
2333	7147
2334	7149
2335	7150
2336	7152
2337	7160
2338	7164
2339	7165
2340	7166
2341	7168
2342	7169
2343	7178
2344	7180
2345	7187
2346	7188
2347	7189
2348	7205
2349	7206
2350	7207
2351	7208
2352	7209
2353	7211
2354	7212
2355	7213
2356	7225
2357	7227
2358	7228
2359	7233
2360	7235
2361	7236
2362	7248
2363	7249
2364	7251
2365	7252
2366	7255
2367	7257
2368	7270
2369	7271
2370	7275
2371	7277
2372	7278
2373	7280
2374	7283
2375	7284
2376	7286
2377	7289
2378	7290
2379	7291
2380	7292
2381	7293
2382	7294
2383	7295
2384	7296
2385	7298
2386	7299
2387	7300
2388	7301
2389	7302
2390	7303
2391	7310
2392	7311
2393	7317
2394	7325
2395	7328
2396	7331
2397	7334
2398	7338
2399	7343
2400	7346
2401	7348
2402	7349
2403	7350
2404	7351
2405	7352
2406	7355
2407	7358
2408	7361
2409	7383
2410	7392
2411	7393
2412	7394
2413	7395
2414	7398
2415	7401
2416	7402
2417	7405
2418	7413
2419	7414
2420	7415
2421	7416
2422	7417
2423	7418
2424	7421
2425	7422
2426	7423
2427	7424
2428	7425
2429	7426
2430	7427
2431	7428
2432	7438
2433	7440
2434	7442
2435	7444
2436	7450
2437	7453
2438	7454
2439	7455
2440	7456
2441	7457
2442	7465
2443	7467
2444	7469
2445	7470
2446	7471
2447	7472
2448	7473
2449	7475
2450	7476
2451	7478
2452	7479
2453	7483
2454	7484
2455	7486
2456	7487
2457	7489
2458	7490
2459	7492
2460	7493
2461	7494
2462	7495
2463	7496
2464	7497
2465	7498
2466	7499
2467	7500
2468	7501
2469	7502
2470	7503
2471	7505
2472	7506
2473	7512
2474	7513
2475	7515
2476	7516
2477	7521
2478	7526
2479	7535
2480	7536
2481	7537
2482	7538
2483	7539
2484	7540
2485	7541
2486	7544
2487	7546
2488	7549
2489	7557
2490	7560
2491	7562
2492	7565
2493	7571
2494	7573
2495	7574
2496	7575
2497	7576
2498	7577
2499	7588
2500	7590
2501	7593
2502	7596
2503	7597
2504	7598
2505	7599
2506	7600
2507	7601
2508	7602
2509	7604
2510	7605
2511	7607
2512	7608
2513	7610
2514	7611
2515	7620
2516	7623
2517	7626
2518	7631
2519	7632
2520	7641
2521	7643
2522	7647
2523	7649
2524	7652
2525	7653
2526	7654
2527	7655
2528	7665
2529	7671
2530	7672
2531	7673
2532	7675
2533	7676
2534	7677
2535	7678
2536	7679
2537	7680
2538	7681
2539	7682
2540	7683
2541	7684
2542	7687
2543	7689
2544	7702
2545	7705
2546	7707
2547	7708
2548	7709
2549	7710
2550	7726
2551	7730
2552	7744
2553	7746
2554	7747
2555	7748
2556	7750
2557	7751
2558	7752
2559	7753
2560	7758
2561	7761
2562	7771
2563	7772
2564	7775
2565	7778
2566	7783
2567	7787
2568	7788
2569	7789
2570	7791
2571	7792
2572	7793
2573	7794
2574	7795
2575	7796
2576	7797
2577	7800
2578	7802
2579	7805
2580	7806
2581	7807
2582	7809
2583	7821
2584	7834
2585	7843
2586	7844
2587	7845
2588	7846
2589	7848
2590	7849
2591	7850
2592	7855
2593	7866
2594	7867
2595	7868
2596	7876
2597	7878
2598	7887
2599	7888
2600	7889
2601	7890
2602	7891
2603	7892
2604	7894
2605	7895
2606	7896
2607	7897
2608	7899
2609	7900
2610	7902
2611	7906
2612	7907
2613	7908
2614	7942
2615	7943
2616	7945
2617	7948
2618	7949
2619	7950
2620	7951
2621	7952
2622	7969
2623	7972
2624	7975
2625	7985
2626	7986
2627	7987
2628	7991
2629	7995
2630	8008
2631	8009
2632	8010
2633	8011
2634	8012
2635	8013
2636	8014
2637	8015
2638	8016
2639	8017
2640	8018
2641	8020
2642	8028
2643	8034
2644	8035
2645	8050
2646	8051
2647	8054
2648	8057
2649	8058
2650	8059
2651	8070
2652	8072
2653	8073
2654	8083
2655	8088
2656	8097
2657	8098
2658	8101
2659	8104
2660	8105
2661	8110
2662	8112
2663	8119
2664	8120
2665	8121
2666	8122
2667	8123
2668	8124
2669	8125
2670	8126
2671	8127
2672	8140
2673	8144
2674	8147
2675	8154
2676	8163
2677	8166
2678	8168
2679	8169
